1
    
    
   0
    
    
    
    
   0
    
    
    
    
    
    
0   
    
    
 0  
    
    
  0 
    
    
   0
    
    
    
0   
0   
    
 0  
 0  
    
  0 
  0 
    
   0
   0
    
    
0   
0   
0   
0   
 0  
 0  
 0  
  0 
  0 
  00
   0
   0
 0  
0   
 0  
0   
  0 
   0
  0 
   0
 0  
0   
 0  
0   
  0 
   0
  0 
   0
 0  
  0 
 0  
  0 
    
0   
 0  
  0 
   0
  0 
 0  
0   
 0  
0   
 0  
0   
 0  
0   
 0  
0   
 0  
0   
 0  
   0
  0 
   0
  0 
   0
  0 
   0
  0 
   0
  0 
   0
  0 
   0
 0  
  0 
 0  
  0 
 0  
  0 
 0  
  0 
 0  
  0 
 0  
  0 
 0  
0 0x
0 x0
0 0x
0 x0
0 0x
0 x0
0 0x
0 x0
0 0x
0 x0
0 0x
0 x0
0 0x
 0 0
0 0 
   0
 00 
0  0
  0 
 0 0
  0 
   0
 00 
   0
0 0 
 0 0
0 00
 0  
0 00
 0  
0 00
 0  
0 00
 0  
0 00
 0  
0 00
 0  
0 00
